370.49	9.80	0.12	0.12	1
380.21	9.80	0.12	0.12	2
389.93	9.80	0.12	0.12	3
399.67	9.79	0.10	0.12	4
409.42	9.78	0.08	0.10	5
419.19	9.76	0.08	0.08	6
428.97	9.74	0.08	0.08	7
438.76	9.71	0.08	0.08	8
448.55	9.68	0.08	0.08	9
458.36	9.65	0.08	0.07	10
468.18	9.61	0.08	0.07	11
478.00	9.58	0.08	0.07	12
487.84	9.54	0.08	0.07	13
497.68	9.50	0.08	0.07	14
507.53	9.47	0.08	0.07	15
517.38	9.43	0.08	0.06	16
527.24	9.40	0.08	0.06	17
537.10	9.36	0.08	0.06	18
546.96	9.33	0.08	0.06	19
556.83	9.31	0.08	0.06	20
566.71	9.29	0.08	0.06	21
576.58	9.27	0.08	0.06	22
586.45	9.26	0.08	0.06	23
596.33	9.25	0.08	0.06	24
606.20	9.25	0.08	0.06	25
616.08	9.26	0.08	0.06	26
625.95	9.27	0.08	0.06	27
635.82	9.29	0.08	0.06	28
645.69	9.32	0.08	0.06	29
655.56	9.36	0.08	0.06	30
665.42	9.41	0.08	0.06	31
675.27	9.47	0.08	0.06	32
666.02	8.54	0.07	0.05	33
675.61	8.55	0.07	0.05	34
685.19	8.55	0.07	0.05	35
694.78	8.56	0.07	0.05	36
704.37	8.56	0.07	0.05	37
713.96	8.57	0.07	0.05	38
723.55	8.58	0.07	0.05	39
733.14	8.58	0.07	0.05	40
742.73	8.59	0.07	0.05	41
752.32	8.59	0.07	0.05	42
761.91	8.60	0.07	0.05	43
771.51	8.60	0.07	0.05	44
781.10	8.60	0.07	0.05	45
790.70	8.61	0.07	0.05	46
800.29	8.61	0.07	0.05	47
809.89	8.62	0.07	0.05	48
819.48	8.62	0.07	0.05	49
829.08	8.62	0.07	0.05	50
838.68	8.63	0.07	0.05	51
848.28	8.63	0.07	0.05	52
857.88	8.63	0.07	0.05	53
867.48	8.64	0.07	0.05	54
877.08	8.64	0.07	0.05	55
886.68	8.64	0.07	0.05	56
896.29	8.64	0.07	0.05	57
905.89	8.64	0.07	0.05	58
915.49	8.65	0.07	0.05	59
925.10	8.65	0.07	0.05	60
934.70	8.65	0.07	0.05	61
944.31	8.65	0.07	0.05	62
953.92	8.65	0.07	0.05	63
963.52	8.65	0.07	0.05	64
973.13	8.65	0.07	0.05	65
982.74	8.66	0.07	0.05	66
992.35	8.66	0.07	0.05	67
1001.96	8.66	0.07	0.05	68
1011.57	8.66	0.07	0.05	69
1021.19	8.66	0.07	0.05	70
1030.80	8.66	0.07	0.05	71
1040.41	8.66	0.07	0.05	72
1050.03	8.66	0.07	0.05	73
1059.64	8.66	0.07	0.05	74
1069.26	8.66	0.07	0.05	75
1078.87	8.66	0.07	0.05	76
1088.49	8.65	0.07	0.05	77
1098.11	8.65	0.07	0.05	78
1107.73	8.65	0.07	0.05	79
1117.35	8.65	0.07	0.05	80
1126.97	8.65	0.07	0.05	81
1136.59	8.65	0.07	0.05	82
1146.21	8.64	0.07	0.05	83
1155.83	8.64	0.07	0.05	84
1165.45	8.64	0.07	0.05	85
1175.08	8.64	0.07	0.05	86
1184.70	8.64	0.07	0.05	87
1194.33	8.63	0.07	0.05	88
1203.95	8.63	0.07	0.05	89
1213.58	8.63	0.07	0.05	90
1223.21	8.62	0.07	0.05	91
1232.83	8.62	0.07	0.05	92
1242.46	8.62	0.07	0.05	93
1252.09	8.61	0.07	0.05	94
1261.72	8.61	0.07	0.05	95
1271.35	8.60	0.07	0.05	96
1254.25	10.71	0.07	0.07	97
1264.22	10.75	0.07	0.07	98
1274.19	10.79	0.07	0.07	99
1284.16	10.82	0.07	0.07	100
1294.13	10.86	0.07	0.07	101
1304.10	10.89	0.07	0.07	102
1314.07	10.92	0.07	0.07	103
1324.04	10.95	0.08	0.07	104
1334.00	10.98	0.07	0.07	105
1343.97	11.01	0.07	0.07	106
1353.94	11.03	0.07	0.07	107
1363.90	11.06	0.07	0.07	108
1373.87	11.08	0.07	0.07	109
1383.83	11.10	0.07	0.07	110
1393.80	11.12	0.07	0.07	111
1403.76	11.14	0.07	0.07	112
1413.72	11.15	0.07	0.07	113
1423.69	11.17	0.07	0.07	114
1433.65	11.18	0.07	0.07	115
1443.61	11.19	0.07	0.07	116
1453.57	11.21	0.07	0.07	117
1463.53	11.21	0.07	0.07	118
1473.49	11.22	0.07	0.07	119
1483.45	11.23	0.08	0.07	120
1493.41	11.23	0.07	0.07	121
1503.37	11.23	0.07	0.07	122
1513.32	11.24	0.07	0.07	123
1523.28	11.23	0.07	0.07	124
1533.24	11.23	0.08	0.07	125
1543.19	11.23	0.07	0.07	126
1553.15	11.22	0.07	0.07	127
1563.10	11.22	0.08	0.07	128
1573.05	11.21	0.07	0.07	129
1583.01	11.20	0.07	0.07	130
1592.96	11.19	0.07	0.07	131
1602.91	11.18	0.07	0.07	132
1612.86	11.16	0.07	0.07	133
1622.81	11.15	0.07	0.07	134
1632.76	11.13	0.08	0.08	135
1642.71	11.11	0.08	0.07	136
1652.66	11.09	0.09	0.08	137
1662.61	11.07	0.08	0.08	138
1672.56	11.05	0.07	0.07	139
1682.51	11.02	0.08	0.07	140
1692.46	11.00	0.08	0.07	141
1702.40	10.97	0.08	0.07	142
1712.35	10.94	0.08	0.07	143
1722.29	10.91	0.08	0.07	144
1732.24	10.88	0.08	0.07	145
1742.18	10.85	0.08	0.07	146
1752.12	10.81	0.08	0.07	147
1762.07	10.77	0.08	0.07	148
1772.01	10.74	0.08	0.07	149
1781.95	10.70	0.08	0.08	150
1791.89	10.65	0.08	0.07	151
1801.83	10.61	0.07	0.07	152
1811.77	10.57	0.07	0.07	153
1821.71	10.52	0.07	0.07	154
1831.65	10.47	0.07	0.07	155
1841.59	10.43	0.07	0.07	156
1851.53	10.38	0.07	0.07	157
1861.47	10.32	0.07	0.07	158
1871.40	10.27	0.07	0.07	159
1881.34	10.22	0.07	0.07	160
1879.13	10.01	0.06	0.05	161
1889.18	9.99	0.06	0.05	162
1899.23	9.98	0.07	0.06	163
1909.28	9.97	0.06	0.05	164
1919.32	9.95	0.06	0.05	165
1929.37	9.94	0.06	0.05	166
1939.41	9.93	0.07	0.06	167
1949.44	9.92	0.07	0.05	168
1959.48	9.90	0.07	0.06	169
1969.51	9.89	0.08	0.06	170
1979.54	9.88	0.07	0.06	171
1989.57	9.87	0.07	0.06	172
1999.60	9.85	0.07	0.06	173
2009.62	9.84	0.07	0.05	174
2019.64	9.83	0.06	0.05	175
2029.66	9.81	0.07	0.06	176
2039.67	9.80	0.06	0.06	177
2049.69	9.79	0.08	0.05	178
2059.70	9.78	0.07	0.05	179
2069.70	9.76	0.07	0.05	180
2079.71	9.75	0.07	0.06	181
2089.71	9.74	0.07	0.05	182
2099.71	9.72	0.06	0.05	183
2109.71	9.71	0.07	0.05	184
2119.71	9.70	0.07	0.05	185
2129.70	9.69	0.08	0.05	186
2139.69	9.67	0.08	0.05	187
2149.68	9.66	0.08	0.05	188
2159.66	9.65	0.08	0.05	189
2169.65	9.63	0.06	0.05	190
2179.63	9.62	0.08	0.06	191
2189.61	9.61	0.08	0.06	192
2199.58	9.59	0.07	0.06	193
2209.55	9.58	0.08	0.06	194
2219.52	9.57	0.08	0.06	195
2229.49	9.55	0.07	0.06	196
2239.46	9.54	0.07	0.06	197
2249.42	9.53	0.07	0.06	198
2259.38	9.51	0.07	0.06	199
2269.34	9.50	0.07	0.06	200
2279.30	9.49	0.07	0.06	201
2289.25	9.47	0.07	0.06	202
2299.20	9.46	0.07	0.06	203
2309.15	9.45	0.07	0.05	204
2319.09	9.43	0.07	0.05	205
2329.04	9.42	0.07	0.05	206
2338.98	9.41	0.07	0.06	207
2348.92	9.39	0.07	0.06	208
2358.85	9.38	0.07	0.06	209
2368.78	9.37	0.07	0.06	210
2378.71	9.35	0.08	0.06	211
2388.64	9.34	0.07	0.06	212
2398.57	9.33	0.07	0.06	213
2408.49	9.31	0.07	0.06	214
2418.41	9.30	0.08	0.06	215
2428.33	9.29	0.08	0.06	216
2438.25	9.27	0.06	0.06	217
2448.16	9.26	0.06	0.06	218
2458.07	9.25	0.07	0.06	219
2467.98	9.23	0.07	0.06	220
2477.88	9.22	0.06	0.06	221
2487.79	9.21	0.07	0.06	222
2497.69	9.19	0.06	0.06	223
2507.59	9.18	0.06	0.06	224
