365.92981	9.852108
375.59399	9.796976
385.26254	9.744104
394.93552	9.693492
404.61288	9.64514
414.29462	9.599048
423.98077	9.555216
433.6713	9.513644
443.36621	9.474332
453.06552	9.43728
462.7692	9.402488
472.47729	9.369956
482.18976	9.339684
491.90665	9.311672
501.6279	9.28592
511.35355	9.262428
521.08356	9.241196
530.81799	9.222224
540.55682	9.205512
550.30005	9.19106
560.04767	9.178868
569.79962	9.168936
579.55603	9.161264
589.31677	9.155852
599.08191	9.1527
608.8515	9.151808
618.62543	9.153176
628.40375	9.156804
638.18646	9.162692
647.97357	9.17084
657.76508	9.181248
667.56097	9.193916
655.2923	9.9084704
665.09937	9.8487076
674.90125	9.7987116
684.69794	9.7584824
694.48938	9.72802
704.27563	9.7073244
714.05664	9.6963956
723.83252	9.6952336
733.60309	9.7038384
743.36853	9.72221
753.12872	9.7503484
762.88373	9.7882536
772.63348	9.8359256
782.37805	9.8933644
792.11743	9.96057
801.85156	10.0375424
811.58051	10.1242816
821.30426	10.2207876
831.02277	10.3270604
840.73608	10.4431
850.44415	10.5689064
860.14709	10.7044796
869.84479	10.8498196
879.53723	11.0049264
889.22449	11.1698
898.90656	11.3444404
908.58337	11.5288476
918.25507	11.7230216
927.92145	11.9269624
937.5827	10.78153
947.23871	9.76180425
956.88947	9.760064
966.5351	9.75932425
976.17548	9.759585
985.81061	9.76084625
995.44055	9.763108
1005.06531	9.76637025
1014.68488	9.770633
1024.29919	9.77589625
1033.90833	9.78216
1043.51221	9.78942425
1053.11096	9.797689
1062.70447	9.80695425
1072.29272	9.81722
1081.87573	9.82848625
1091.45361	9.840753
1101.02625	9.85402025
1110.59375	9.868288
1120.15601	9.88355625
1129.71301	9.899825
1139.26477	9.91709425
1148.8114	9.935364
1158.35278	9.95463425
1167.88904	9.974905
1177.41992	9.99617625
1186.9458	10.018448
1196.46631	10.04172025
1205.98169	10.065993
1215.49182	10.09126625
1224.9967	10.11754
1234.49646	10.14481425
1243.99097	10.173089
1253.48022	10.20236425
1262.96436	10.23264
1253.37292	10.83826435
1263.3457	10.83266619
1273.31824	10.82720553
1283.29053	10.82188237
1293.26245	10.8166967
1303.23425	10.81164853
1313.20581	10.80673785
1323.17712	10.80196467
1333.14807	10.79732899
1343.1189	10.7928308
1353.08948	10.78847011
1363.05981	10.78424691
1373.02991	10.78016121
1382.99976	10.77621301
1392.96936	10.7724023
1402.93872	10.76872909
1412.90784	10.76519337
1422.87671	10.76179515
1432.84534	10.75853443
1442.81372	10.7554112
1452.78186	10.75242547
1462.74988	10.74957723
1472.71753	10.74686649
1482.68494	10.74429325
1492.6521	10.7418575
1502.61902	10.73955925
1512.58582	10.73739849
1522.55225	10.73537523
1532.51843	10.73348947
1542.4845	10.7317412
1552.4502	10.73013043
1562.41565	10.72865715
1572.38098	10.72732137
1582.34595	10.72612309
1592.31079	10.7250623
1602.27527	10.72413901
1612.23962	10.72335321
1622.20361	10.72270491
1632.16748	10.72219411
1642.13098	10.7218208
1652.09436	10.72158499
1662.0575	10.72148667
1672.02026	10.72152585
1681.98291	10.72170253
1691.94531	10.7220167
1701.90735	10.72246837
1711.86926	10.72305753
1721.83093	10.72378419
1731.79236	10.72464835
1741.75342	10.72565
1751.71436	10.72678915
1761.67505	10.72806579
1771.6355	10.72947993
1781.5957	10.73103157
1791.55566	10.7327207
1801.51538	10.73454733
1811.47485	10.73651145
1821.43408	10.73861307
1831.39307	10.74085219
1841.35181	10.7432288
1851.3103	10.74574291
1861.26855	10.74839451
1871.22656	10.75118361
1873.18433	10.75411021
1867.66382	11.16661287
1877.72534	11.15790888
1887.78467	11.14888803
1897.84155	11.13955032
1907.89612	11.12989575
1917.94849	11.11992432
1927.99854	11.10963603
1938.04614	11.09903088
1948.09155	11.08810887
1958.13464	11.07687
1968.17542	11.06531427
1978.21387	11.05344168
1988.25012	11.04125223
1998.28394	11.02874592
2008.31543	11.01592275
2018.34473	11.00278272
2028.3717	10.98932583
2038.39624	10.97555208
2048.4187	10.96146147
2058.43872	10.947054
2068.4563	10.93232967
2078.47168	10.91728848
2088.48486	10.90193043
2098.49561	10.88625552
2108.50415	10.87026375
2118.51025	10.85395512
2128.51416	10.83732963
2138.51562	10.82038728
2148.51489	10.80312807
2158.51196	10.785552
2168.50659	10.76765907
2178.49902	10.74944928
2188.48901	10.73092263
2198.47656	10.71207912
2208.46216	10.69291875
2218.44531	10.67344152
2228.42603	10.65364743
2238.40454	10.63353648
2248.38062	10.61310867
2258.35449	10.592364
2268.32617	10.57130247
2278.29541	10.54992408
2288.26245	10.52822883
2298.22705	10.50621672
2308.18945	10.48388775
2318.14941	10.46124192
2328.10718	10.43827923
2338.0625	10.41499968
2348.01562	10.39140327
2357.96655	10.36749
2367.91504	10.34325987
2377.86108	10.31871288
2387.80518	10.29384903
2397.74658	10.26866832
2407.68604	10.24317075
2417.62305	10.21735632
2427.55762	10.19122503
2437.48999	10.16477688
2447.41992	10.13801187
2457.34766	10.11093
2467.27319	10.08353127
2477.19629	10.05581568
2487.11719	10.02778323
2497.03564	9.99943392
